1073
1944
6707
1457
9023
4844
1961
3327
6368
3046
3294
7326
8183
1140
3298
3823
1403
7670
2035
2704
7226
8006
9593
1265
7666
8973
8705
9418
8397
4171
6058
1802
3721
7124
8919
3036
7739
3315
4679
9526
3936
8144
4105
3065
9264
8341
6079
1668
5042
6034
4343
9529
7342
8961
1242
3273
7538
7199
8409
4359
1746
3259
4344
4473
3095
8149
6989
8974
7407
9082
2390
2031
8348
4784
7882
2944
9219
6469
87
1669
8344
1784
6757
7025
638
7045
8473
9461
8380
2068
1845
6365
3308
4695
9812
1705
9673
1107
4329
4953
1242
6051
344
7911
8364
7926
2462
4529
8055
1382
6986
5042
1186
4598
4223
6125
5543
4498
7029
1951
6711
3934
6043
2927
8790
4983
2132
5907
3942
2443
8902
1168
1807
8816
6406
6765
6155
1837
6039
9526
6897
1981
6204
1826
737
7740
8299
9388
9985
6031
3625
5478
7032
1925
4892
3535
5564
7208
7094
9245
4296
53
4281
194
6700
2973
7146
2161
1743
9926
7979
6718
5442
6913
5741
8742
7915
4637
6889
7632
7465
7299
2042
5080
1105
6099
9672
8612
860
6084
6482
3916
8408
2710
7948
4293
6530
5362
8425
8840
5089
96
7682
4555
4395
7796
4941
9130
7726
8740
2293
8329
98
369
3182
9916
3037
2157
8506
96
9424
2399
4749
8778
2137
994
9265
5634
1367
2281
7175
9801
3471
235
1072
9479
4622
9373
6144
650
3032
7798
7121
8901
610
9881
9052
3473
4487
7410
2866
6345
3264
1566
7972
2258
5117
2260
7701
6887
2053
331
8662
4067
2650
6373
8051
4393
2560
6382
2822
7840
2064
3608
3242
2253
9327
7099
1673
5784
8626
2739
6201
8669
7206
9291
6831
4628
8857
5408
4099
5823
6486
9828
3441
6895
7640
9681
4868
1791
4663
8069
239
3345
7972
858
2613
983
239
2135
6450
2136
9745
3066
663
9956
481
1443
2435
1158
8875
9513
3916
236
5576
8515
9347
2044
9251
6376
4054
7970
7723
2155
9053
4135
1614
2184
8880
3370
8167
6632
9361
9632
5115
8127
6378
4098
9832
4116
4403
3820
4714
5372
5452
74
3092
974
8668
1603
3503
5143
792
3702
922
7113
2261
8826
7783
7653
4352
363
461
3832
7841
653
9088
4975
6780
8083
2552
2085
6490
2903
2819
4701
4785
4272
9997
9398
7404
603
2933
472
8390
5830
9389
3495
8743
5827
2167
7935
7412
8517
3686
5299
2643
6636
5150
7777
8355
6420
6920
8555
2777
5920
17
330
2387
8240
2580
511
7015
3722
6411
503
5449
416
4260
9242
2148
950
5823
8367
6904
3410
7
2612
3176
7018
6668
9907
5315
3208
3108
1380
6423
6554
3191
7416
1142
3130
4713
8346
9443
4918
6307
4507
3368
3736
656
9389
7520
4067
1616
1030
3123
1533
8549
4828
7839
6205
2347
9886
6230
7006
9648
3141
3610
1847
2104
9119
6712
9515
278
2017
9783
5026
4201
6200
6912
3364
9905
3351
9276
5947
8452
9778
3075
7431
6099
6286
894
5330
1061
4487
1847
5070
7471
624
3264
459
3186
1221
5884
5685
3040
1245
9790
8297
9372
5771
4076
8920
2798
2692
5429
9296
7848
6233
4967
2021
8437
3411
8374
5829
2358
314
6235
4761
7011
6354
1619
6006
3974
8085
9793
2417
650
6999
7208
5373
9532
8045
8940
5688
6669
6350
7299
9246
2627
7466
309
6991
1580
6466
5887
8499
7303
2762
5197
8922
3522
9652
7243
1212
4663
1981
1894
3976
40
6830
3718
1080
1305
6730
27
9604
2412
9334
6684
8902
559
9333
7106
8036
2291
8030
1600
3364
9617
1739
2882
9620
7782
5874
1698
8515
7381
3217
2363
3780
4711
6219
9855
1231
5464
2426
851
4950
6285
3013
9389
234
321
7769
4576
6370
6040
5036
5690
1076
6243
8388
7495
2023
8531
1014
9039
3749
203
8336
8970
4012
9331
3631
1423
7458
6825
3757
3514
9907
8186
9339
9017
7566
6731
3606
8169
2361
4618
1792
1373
2911
5140
9129
917
4531
2738
810
8477
8455
3644
7349
7949
7356
4243
9684
158
5064
3593
2084
627
8769
6525
3357
7493
3892
911
277
3379
7331
9114
480
797
779
2591
6336
979
6307
9139
9070
5739
228
5487
6470
1565
6808
5779
5144
3863
5254
2969
2003
1235
5137
5504
5105
3327
6913
4521
328
271
6535
1930
2268
8238
327
7868
3988
8232
2189
9881
1623
7853
8744
3235
7712
9376
6597
3018
3795
7022
6383
4069
5051
383
34
2814
7622
5211
3717
8959
3280
8946
9807
9752
9236
2484
9771
6427
4282
5640
4913
3644
231
6576
9005
6591
4325
3417
1856
8381
6197
2701
3646
4351
708
8591
1720
316
8481
6347
5705
9791
5017
2528
9095
2026
8926
7000
8011
1285
6206
866
1064
4257
4258
3908
7368
1177
577
9547
8736
1063
479
6135
178
7535
313
494
2498
6790
9039
3633
5583
3038
2331
8040
247
9773
7930
7455
9246
2164
9743
9153
2091
2201
7903
2371
1481
8600
796
7032
2637
2025
6074
944
8547
1613
1751
5067
8580
9386
1146
5020
3163
3228
8886
4111
3874
8397
1210
7707
6124
5317
9003
7104
2304
5865
1945
4722
373
6380
4825
5964
5026
2686
841
9513
7696
5045
9853
1587
678
2835
8359
7290
4838
253
2859
2380
5721
8573
4240
1845
6213
8780
4461
3330
3498
207
3834
9600
4959
529
3276
8213
5248
2376
7654
9682
9149
9560
6700
9464
8653
1184
3237
1191
8157
1579
3682
